================================================================================================================================================================
  Qwen3-235B FP8 Decode  |  B=1  |  Single-Layer GQA Decode Step Latency (ns)
  Source: gqa_hybrid_merged_80T_split4_bw1500.json + H100 FP8 Roofline
================================================================================================================================================================

       Seq     HMP_reo(Ours-16NPU)  HMP_reo_new(Ours-16NPU)         HMP(Ours-16NPU)        TP16(Ours-16NPU)             Rubin(1GPU)          H100_FP8(1GPU)

Table 1: Total Wall Latency (gpu + comm) [ns]
----------------------------------------------------------------------------------------------------------------------------------------------------------------
      1024                  4516.8                  2076.2                  2280.4                  2442.5                  3289.9                 21600.0
      2048                  4543.0                  2102.4                  2306.6                  2479.7                  3337.6                 21913.0
      4096                  4595.4                  2154.9                  2359.1                  2552.2                  3432.9                 22539.0
      8192                  4700.3                  2259.7                  2463.9                  2708.0                  3623.5                 23791.0
     16384                  4910.0                  2469.4                  2673.6                  3009.7                  4004.8                 26295.1
     32768                  5329.4                  2888.9                  3093.1                  3662.2                  4767.4                 31303.2
     65536                  6168.3                  3727.7                  3931.9                  4793.0                  6292.6                 41319.5
    131072                  7846.0                  5405.4                  5609.6                  7692.7                  9343.0                 61352.0
    262144                 11201.5                  8760.9                  8965.1                 13154.2                 15443.8                101417.0
    524288                 17912.3                 15471.8                 15676.0                 24103.1                 27645.4                181546.9
   1048576                 31334.1                 28893.5                 29097.8                 45840.8                 52048.7                341806.9

Table 2: GPU Compute Latency (no comm) [ns]
----------------------------------------------------------------------------------------------------------------------------------------------------------------
      1024                  4329.7                  1813.1                  1813.1                  1812.5                  3289.9                 21600.0
      2048                  4355.9                  1839.3                  1839.3                  1838.7                  3337.6                 21913.0
      4096                  4408.4                  1891.8                  1891.8                  1891.2                  3432.9                 22539.0
      8192                  4513.2                  1996.6                  1996.6                  1996.0                  3623.5                 23791.0
     16384                  4722.9                  2206.3                  2206.3                  2205.7                  4004.8                 26295.1
     32768                  5142.4                  2625.8                  2625.8                  2625.2                  4767.4                 31303.2
     65536                  5981.2                  3464.6                  3464.6                  3464.0                  6292.6                 41319.5
    131072                  7658.9                  5142.4                  5142.4                  5141.7                  9343.0                 61352.0
    262144                 11014.4                  8497.8                  8497.8                  8497.2                 15443.8                101417.0
    524288                 17725.3                 15208.7                 15208.7                 15208.1                 27645.4                181546.9
   1048576                 31147.0                 28630.5                 28630.5                 28629.8                 52048.7                341806.9

Table 3: Per-Stage Breakdown [ns]  (QKV | Attn | Output | Comm | TOTAL)
----------------------------------------------------------------------------------------------------------------------------------------------------------------
      1024    QKV                   945.6                   945.6                   945.6                   945.6                  1716.5                 11269.5
             Attn                    26.2                    26.2                    26.2                    26.2                    47.7                   313.0
              Out                  3357.9                   841.3                   841.3                   840.7                  1525.8                 10017.5
             Comm                   187.1                   263.1                   467.3                   630.0                     0.0                     0.0
            TOTAL                  4516.8                  2076.2                  2280.4                  2442.5                  3289.9                 21600.0

      2048    QKV                   945.6                   945.6                   945.6                   945.6                  1716.5                 11269.5
             Attn                    52.4                    52.4                    52.4                    52.4                    95.3                   626.0
              Out                  3357.9                   841.3                   841.3                   840.7                  1525.8                 10017.5
             Comm                   187.1                   263.1                   467.3                   641.0                     0.0                     0.0
            TOTAL                  4543.0                  2102.4                  2306.6                  2479.7                  3337.6                 21913.0

      4096    QKV                   945.6                   945.6                   945.6                   945.6                  1716.5                 11269.5
             Attn                   104.9                   104.9                   104.9                   104.9                   190.7                  1252.0
              Out                  3357.9                   841.3                   841.3                   840.7                  1525.8                 10017.5
             Comm                   187.1                   263.1                   467.3                   661.0                     0.0                     0.0
            TOTAL                  4595.4                  2154.9                  2359.1                  2552.2                  3432.9                 22539.0

      8192    QKV                   945.6                   945.6                   945.6                   945.6                  1716.5                 11269.5
             Attn                   209.7                   209.7                   209.7                   209.7                   381.3                  2504.1
              Out                  3357.9                   841.3                   841.3                   840.7                  1525.8                 10017.5
             Comm                   187.1                   263.1                   467.3                   712.0                     0.0                     0.0
            TOTAL                  4700.3                  2259.7                  2463.9                  2708.0                  3623.5                 23791.0

     16384    QKV                   945.6                   945.6                   945.6                   945.6                  1716.5                 11269.5
             Attn                   419.4                   419.4                   419.4                   419.4                   762.6                  5008.1
              Out                  3357.9                   841.3                   841.3                   840.7                  1525.8                 10017.5
             Comm                   187.1                   263.1                   467.3                   804.0                     0.0                     0.0
            TOTAL                  4910.0                  2469.4                  2673.6                  3009.7                  4004.8                 26295.1

     32768    QKV                   945.6                   945.6                   945.6                   945.6                  1716.5                 11269.5
             Attn                   838.9                   838.9                   838.9                   838.9                  1525.2                 10016.2
              Out                  3357.9                   841.3                   841.3                   840.7                  1525.8                 10017.5
             Comm                   187.1                   263.1                   467.3                  1037.0                     0.0                     0.0
            TOTAL                  5329.4                  2888.9                  3093.1                  3662.2                  4767.4                 31303.2

     65536    QKV                   945.6                   945.6                   945.6                   945.6                  1716.5                 11269.5
             Attn                  1677.7                  1677.7                  1677.7                  1677.7                  3050.4                 20032.5
              Out                  3357.9                   841.3                   841.3                   840.7                  1525.8                 10017.5
             Comm                   187.1                   263.1                   467.3                  1329.0                     0.0                     0.0
            TOTAL                  6168.3                  3727.7                  3931.9                  4793.0                  6292.6                 41319.5

    131072    QKV                   945.6                   945.6                   945.6                   945.6                  1716.5                 11269.5
             Attn                  3355.4                  3355.4                  3355.4                  3355.4                  6100.8                 40065.0
              Out                  3357.9                   841.3                   841.3                   840.7                  1525.8                 10017.5
             Comm                   187.1                   263.1                   467.3                  2551.0                     0.0                     0.0
            TOTAL                  7846.0                  5405.4                  5609.6                  7692.7                  9343.0                 61352.0

    262144    QKV                   945.6                   945.6                   945.6                   945.6                  1716.5                 11269.5
             Attn                  6710.9                  6710.9                  6710.9                  6710.9                 12201.6                 80130.0
              Out                  3357.9                   841.3                   841.3                   840.7                  1525.8                 10017.5
             Comm                   187.1                   263.1                   467.3                  4657.0                     0.0                     0.0
            TOTAL                 11201.5                  8760.9                  8965.1                 13154.2                 15443.8                101417.0

    524288    QKV                   945.6                   945.6                   945.6                   945.6                  1716.5                 11269.5
             Attn                 13421.8                 13421.8                 13421.8                 13421.8                 24403.2                160260.0
              Out                  3357.9                   841.3                   841.3                   840.7                  1525.8                 10017.5
             Comm                   187.1                   263.1                   467.3                  8895.0                     0.0                     0.0
            TOTAL                 17912.3                 15471.8                 15676.0                 24103.1                 27645.4                181546.9

   1048576    QKV                   945.6                   945.6                   945.6                   945.6                  1716.5                 11269.5
             Attn                 26843.5                 26843.5                 26843.5                 26843.5                 48806.4                320519.9
              Out                  3357.9                   841.3                   841.3                   840.7                  1525.8                 10017.5
             Comm                   187.1                   263.1                   467.3                 17211.0                     0.0                     0.0
            TOTAL                 31334.1                 28893.5                 29097.8                 45840.8                 52048.7                341806.9

Table 4: Speedup vs H100_FP8 (wall latency)
----------------------------------------------------------------------------------------------------------------------------------------------------------------
      1024                   4.78x                  10.40x                   9.47x                   8.84x                   6.57x                   1.00x
      2048                   4.82x                  10.42x                   9.50x                   8.84x                   6.57x                   1.00x
      4096                   4.90x                  10.46x                   9.55x                   8.83x                   6.57x                   1.00x
      8192                   5.06x                  10.53x                   9.66x                   8.79x                   6.57x                   1.00x
     16384                   5.36x                  10.65x                   9.83x                   8.74x                   6.57x                   1.00x
     32768                   5.87x                  10.84x                  10.12x                   8.55x                   6.57x                   1.00x
     65536                   6.70x                  11.08x                  10.51x                   8.62x                   6.57x                   1.00x
    131072                   7.82x                  11.35x                  10.94x                   7.98x                   6.57x                   1.00x
    262144                   9.05x                  11.58x                  11.31x                   7.71x                   6.57x                   1.00x
    524288                  10.14x                  11.73x                  11.58x                   7.53x                   6.57x                   1.00x
   1048576                  10.91x                  11.83x                  11.75x                   7.46x                   6.57x                   1.00x

================================================================================================================================================================
  H100 FP8:  compute=1979 TFLOPS, BW=3.35 TB/s, capacity=80 GB
  Ours NPU:  peak_perf=80 TFLOPS/NPU, BW=2.5 TB/s/NPU, D2D=1.5 TB/s, 16 NPUs
  Rubin:     compute=17500 TFLOPS, BW=22 TB/s, capacity=288 GB
================================================================================================================================================================